5. 5. 5. 5555555555. NT

555 555555, 555555 555 5555 555 55555555 55555
555555 Ι55555 5555 5555555 5555555555 55 55555.

‘ln latere meridionalie

5555 555555 555555 55555 555555 55555555,
5555555 555555555 55555 5555 555555 555555
5555555 5555555 555 5555 55555 5555555
55555555 55555 55555 55555 5555555 5555555
’ 555555 55555 5555555 55555 5555555 55555555
5555555555 55 555555 ,5555555555 55555 5555555555.

V .¹ Columna oentenaria Divi Marci. Reg. IX

’ Vide de sequenti 5555555555 Marini Aua p 257. et 425. ..1554545
mu ιι Na Nm Ι5. p ..55.

55. 55555555555555555555 5555555555 5555555555
5. ·N. 5555555555. 5555555555 55 55555555 5555. 55.
555. 555555 555 5555555555 555 5555555555 5555 55555.
555 5 5555 55555 555 5555555 555. 555555555555 5555.
5555. 55555 555555. 555555 55555555 5. 5. 555555555.
555555555 55555555 5555555555 555 5555555. 5555.
555 55555 55 5555555 55 5555555. 55555 55555555 55
55555555 5555555. 5555555 5555555 55555555555 5555.
55555 5555 555555. 55 55 5555555555 5555 5555555555
5555 5555555. 5555 55 555555 555 55555 55 55 5555555
5555555555. 55555555 55555 vm. 5555 555. 55555 555.
5555 55 55555 cos. ι) 555555 55555555 5. 5. 5555555555.
55555555555555555 5555555 555555 55555555 555. 555.
55 5555555555. 5555 555555555 55555 55555555 555-
55555555 5555555 555 55555555555 555. 55555555 55
555 55555. 555555 55555 5555555555555. 555 555555
5555555 5555. 55555555.- 5555555 5555 555555. 5555555
55555 555. 555 5555. 55555. 5555555 55 55555 555.
5555555555 55555 5555555555 55 55555 55555. 55555
55555. 55555555 5555555555 5555 55555 55555555
555555555555 55 5555555555 55555 555555 5555,Ι 55555.
555555. s1 Avcronrrfflm 5555555 5555555555. 55555555
555555 55555. 55555 55555555555555 55555555 555 5.
N. 5555555555 55 55555555. 55555555555 55555555 5555

’ Pl VM CAETERORVM soLAva. LITTERAE DATAE ΥΠ. mvs

555. 555555. ’55555555 55. 5555 5555. 55555. 55555. 5555.

»Marmor Romae 55555555.. 1777.Gum'cm.T.5.p 5ιόΪῖ
55. 55.. 555. Ni imm

mmmm 5555555 Nega.

·5ο. 555 555555. s. 55 555555 55555 5 55 5555555555..
55555555555...55ιιι..· 55555 5555555. 5 5555555555
...5555555555 555- amum. 555555, 5.

 

